0001001001000000000000000000000000000000000000000000000000000000
0000001001000001100010000000100000000000100000000000000000100000
0000011011010000000001000000110101000000000100000000000000001000
0000011011010000000001000000110101000000000100000000000000001000
0001101010000000000000000000000000000000000000000000000000000000
0000001001000001100010000000100000010000100000000000000000100000
0000011011010000000001000000110101000001000100000100000000001000
0000011011010000000001000000110101000001000100000100000000001000
0000011000010001000010000101000000110000000000000000001110000000
0000001001000001100010000000100000100000100000000000000000100000
0000010011000000000000000000000000000000000100000010000000000000
0000010011000000000000000000000000000000000100000010000000000000
0000001001000000010000010000110000000000000000000000000000000000
0000001001000001100000100000100000000000100000000000000000100000
0000001001000001000001000000001001000001000000000000000000000000
0000001110010000000001000000000000000001000000000000000000000000
0000101000000000000000000000000000001110000000000000000000000000
0000101000100000000000000000000000001100000000000000000000000000
0010011011010000011000000000000000000000010000110000000000001000
0010011011010000011000000000000000000000010000110000000000001000
0000001001000001011000010010110000000000000000000000000000000000
0000001001000001011000010010001100000001000000000000000000000000
0000001001000000010000010000001000000001000000000000000000000000
0000001000001000000010000000000000110010000000000000000000000000
0000001000101000000010000000000000110000000000000000000000000000
0000101100101000000000000000000000001010000000000000000000000000
0000000000000000000000000000000000000000000000000000000000000000
0000001001000001100100000000000000000010100000000000000000100000
0000101110001001001000000010000000001010000000000000000000000000
0000101110101000000000000000000000001000000000000000000000000000
0000001001000000010100001000000000000010000000000000000000000000
0000001001000001100100000000000000000000100000000000000000100000
0100000000000010000000000000000000000000000000000000000000000000
0000110000101000000000000000000000001010000000000000000000000000
0000000000000000000000000000000000000000000000000000000000000000
0000010000000100000100000000000000000010000000000000000000000000
0000000000000000000000000000000000000000000000000000000000000000
0000110010101000000000000000000000001010000000000000000000000000
0000011111000000000000000000000000000000001000101000000000000000
0000001001000000010100001000000000000010000000000000000000000000
0000110100000000000100000000000000001110000000000000000000000000
0000000000000000000000000000000000000000000000000000000000000000
0000010110010000100000000000000000000000100000000000010000000000
0000000000000000000000000000000000000000000000000000000000000000
0000110110001000000000000000000000001010000000000000000000000000
0000011100001000001000000000000000000010000000000000000000000000
0000001001000000010100001000000000000010000000000000000000000000
0000010110110001000000000101000000000000000000000001000000000000
0000111000001000000000000000000000001010000000000000000000000000
0000111000100000000100000000000000001110000000000000000000000000
0010110010110001100010000101000000110000100000000000001111000000
1000000000010000000001000000000011000000000000000000000000000000
0000010100001000000000000000000000000010000000000000100000000000
0000010010100001000000000101000000000000000010000000001100000000
0000011100110000000001000000000010000000000100000100000000010000
0000011100110000000001000000000010000000000100000100000000010000
0000111100000000000100000000000000001110000000000000000000000000
0000111100101000000000000000000000001010000000000000000000000000
0000011010010001000000000101000000000000000000000001000000000000
0000011110000000000000000000000000000000000100000000000000000110
0000011000101000000000000000000000000010100000000000000001100001
0000000000000000000000000000000000000000000000000000000000000000
0010110111100000010000011000000000000000000000000000000000000000
0000010111100001000000000101000000000000000001000000001010000000